353.56
246.89
358.16
246.28
359.39
245.47
359.85
256.38
254.28
275.02
249.29
245.19
261.82
333.23
263.91
355.38
340.10
299.55
345.73
331.07
291.15
244.28
254.30
260.19
340.56
255.06
257.56
266.90
252.03
339.33
280.90
285.70
284.74
252.48
263.24
264.87
289.16
244.93
327.72
286.59
244.58
254.13
264.80
302.03
244.29
244.48
350.63
251.10
301.50
273.70
334.54
311.94
247.98
339.12
311.41
292.96
347.92
282.09
244.17
339.17
244.60
266.32
271.39
250.07
342.07
307.13
277.10
333.99
350.92
350.89
273.90
294.60
245.17
357.79
265.02
320.22
246.46
290.83
287.39
259.13
265.81
264.91
265.26
246.85
296.20
345.30
252.41
269.98
249.94
274.65
253.43
276.73
318.82
250.09
282.74
299.61
294.06
257.44
305.54
284.83
790.13
1528.29
823.85
1702.46
1241.80
574.25
1374.34
1508.64
760.99
1369.20
664.37
1487.47
1464.17
1537.96
1515.49
1424.37
801.72
654.51
1270.81
684.55
1676.10
1588.68
881.46
1100.42
711.05
1605.55
744.26
743.03
555.59
772.11
1472.28
998.09
993.75
815.26
1385.05
710.52
1107.82
1393.27
1453.72
882.05
696.74
1066.45
1141.55
753.98
995.31
1398.77
1607.57
1563.76
844.57
1458.87
826.72
1545.83
1077.10
1473.03
1253.87
958.78
1154.89
1218.50
740.98
650.79
1337.98
542.58
1097.42
898.44
1482.53
1351.56
692.06
693.86
1680.43
432.28
653.99
897.41
831.08
1162.97
1250.44
1357.12
1556.00
735.04
623.64
733.75
1510.15
1272.56
1013.37
1694.26
1010.67
982.48
760.62
847.52
879.94
1473.69
1535.27
1289.37
941.10
561.81
493.16
1130.82
965.39
599.78
619.57
891.97
1959.33
1661.25
1499.18
1080.03
1582.38
1946.04
1173.39
1013.11
1158.03
1636.69
1644.91
1440.83
1611.12
1147.63
1841.26
1711.96
1701.86
1246.64
1744.19
1548.84
1091.81
1305.19
1925.82
1800.12
1635.87
1415.48
1315.35
1850.06
1113.49
1782.97
697.86
1656.57
1121.81
1669.29
1058.99
1871.91
1140.32
1713.30
1697.12
1610.30
1170.46
1578.21
839.08
1678.99
1722.07
1789.78
1858.28
1893.57
1697.28
1769.42
1277.48
1220.91
1823.84
1667.31
1871.31
1123.70
1592.34
955.45
1490.63
1215.82
1645.80
1769.79
1807.52
1259.53
1740.83
1779.07
1703.79
1242.73
1375.13
1893.07
1705.46
1775.76
1626.88
1109.04
968.06
1003.23
1810.83
1351.51
1664.44
998.26
1925.15
1176.00
1436.88
1944.32
1677.54
1808.92
1917.52
1186.25
1800.55
1168.36
1851.15
1837.99
1930.82
1928.56
1095.94
1579.15
1074.40
1944.05
1727.32
1786.58
1295.58
955.73
1215.13
852.49
1353.41
781.76
896.98
1334.17
1400.32
1554.05
891.60
1244.17
1154.51
1089.43
1219.16
866.74
1001.35
631.90
1080.17
937.42
1471.38
795.81
790.70
1443.32
1519.57
959.96
1156.07
1586.28
1098.57
950.72
599.15
688.92
712.94
1765.39
1349.36
797.71
760.92
675.62
954.09
1015.22
678.16
795.62
1297.64
1286.12
906.54
1050.63
1375.34
670.63
869.60
1080.18
1677.39
1007.14
713.38
1075.32
662.19
726.65
1286.55
1414.23
628.09
690.57
746.75
1098.99
1808.39
1399.59
636.34
1641.66
1411.37
800.26
711.09
984.30
1023.79
1074.54
1411.72
1349.79
1337.33
1062.82
1335.10
656.85
770.53
1211.44
773.07
974.81
1213.36
581.11
1212.11
798.55
1755.06
590.84
890.67
1357.38
716.57
963.27
736.71
1344.65
1718.28
1090.48
1422.10
864.13
1077.32
1632.63
1082.66
632.92
982.15
1174.92
867.82
556.16
952.13
930.57
523.98
1286.37
718.82
1103.45
832.61
932.62
841.31
562.16
1261.08
526.83
1340.31
466.24
1032.94
547.73
802.81
895.23
746.39
830.33
1228.47
850.16
435.99
1327.52
455.09
768.35
1092.47
1013.70
643.57
1471.10
805.82
879.62
778.40
996.81
1013.13
982.67
589.55
636.42
535.37
1150.69
599.20
962.38
1222.32
674.12
328.44
313.19
350.53
726.00
1142.18
650.96
876.71
803.60
361.81
775.28
890.77
861.32
832.45
760.94
1178.10
414.01
920.29
1075.56
1133.58
303.69
750.42
980.37
1158.00
1057.78
769.01
883.84
1036.50
1069.78
921.97
350.51
624.58
729.16
309.97
320.68
866.70
727.82
1135.51
845.03
734.56
1073.35
411.63
584.18
393.94
820.79
384.91
308.45
1035.54
882.38
876.02
815.39
929.17
836.21
680.79
293.55
980.25
291.20
873.76
616.81
841.26
618.26
821.43
716.21
645.89
346.94
299.29
798.95
770.15
1187.01
825.64
374.04
987.74
843.52
1189.49
347.10
589.46
352.64
645.79
789.05
921.12
325.10
653.27
919.71
804.46
707.29
327.46
800.07
1007.17
321.65
1094.10
625.04
857.41
1017.20
824.10
291.85
368.52
339.32
1172.68
1102.48
352.06
865.54
1381.15
1028.50
1248.79
1484.50
1150.82
488.60
747.93
697.18
1048.43
1257.24
861.41
1319.31
959.06
681.44
1301.64
767.80
643.27
554.85
923.48
1409.61
602.81
590.79
815.47
1560.47
1162.80
780.14
1475.65
748.48
1298.20
613.95
667.86
1028.20
571.96
559.46
852.80
1397.76
1388.31
991.36
1004.82
1265.20
1541.43
980.88
1116.16
1570.13
829.55
1338.60
1340.28
1243.37
789.85
1178.50
1462.28
683.31
1591.07
1274.21
539.67
1279.50
774.73
569.81
715.50
1408.16
879.77
1139.96
1079.77
1555.58
1280.11
828.46
976.56
1234.59
1397.65
666.35
1562.15
461.22
1250.11
493.26
928.35
1243.39
1376.39
646.16
1550.60
896.25
803.44
697.25
810.66
1394.65
922.61
645.62
1487.23
1293.57
814.42
1531.18
502.65
1043.51
702.22
986.44
1032.54
1070.95
633.81
1275.84
1368.04
659.11
1766.06
1854.91
1912.05
1795.19
1873.00
1967.40
1875.07
1923.29
1871.05
1893.65
1952.87
1908.42
1804.79
1928.69
1911.27
1916.71
1838.57
1875.76
1854.99
1920.64
1859.66
1802.52
1836.81
1866.40
1882.24
1868.21
1827.30
1926.58
1762.36
1897.22
1880.69
1832.79
1912.05
1923.66
1888.53
1870.34
1789.90
1942.51
1968.06
1767.10
1803.04
1947.29
1919.08
1790.52
1802.13
1953.07
1808.13
1868.25
1980.37
1937.54
1821.66
1913.57
1808.64
1849.76
1966.88
1888.43
1874.78
1875.97
1839.16
1788.84
1872.44
1819.95
1867.87
1878.19
1875.88
1931.14
1916.17
1853.75
1978.09
1797.99
1977.84
1840.57
1836.40
1922.49
1903.61
1929.35
1790.48
1890.67
1916.39
1846.36
1903.88
1751.95
1815.85
1963.11
1781.45
1776.61
1943.41
1761.77
1841.62
1885.33
1813.88
1901.22
1962.23
1814.92
1894.73
1829.73
1960.28
1852.71
1811.02
1885.88
1453.74
1199.46
960.60
1833.94
1450.18
776.04
1227.68
1288.95
642.07
1261.48
1992.09
1660.66
1778.76
1780.31
1523.14
1906.79
1723.54
1813.39
1819.51
1399.17
1335.91
1958.45
1748.01
1790.74
1572.08
1517.61
1572.22
875.66
1846.12
1390.91
1790.56
1554.99
1686.76
1033.19
1536.31
1965.51
657.68
1810.46
1633.66
396.06
1947.63
1878.59
1200.40
645.14
1405.15
1748.90
1925.48
757.86
1630.94
1484.46
1595.68
1390.00
1261.72
1971.17
1620.74
1010.84
1416.85
1887.07
1303.82
1920.23
1298.99
1108.45
659.48
248.80
1272.51
1222.83
1277.60
1955.70
1456.45
897.08
1422.67
1466.15
1412.04
447.99
1498.72
1656.91
1421.58
1712.32
620.99
1608.70
1168.50
1044.23
1429.48
1776.08
543.50
1550.56
1411.41
1681.72
938.05
1814.39
1990.67
828.70
1319.79
1305.59
1403.68
1734.12
1887.17
1262.54
990.66
1166.18
1499.56
1854.47
1767.50
1797.47
1901.27
1870.06
1863.60
1809.39
1445.69
1782.07
1325.09
1147.98
1052.14
1464.78
1301.26
1268.63
1454.10
1493.08
1451.18
1723.35
890.94
1516.24
1781.97
1154.69
1167.76
1967.40
1088.30
1706.18
1599.14
1802.27
600.95
1404.97
1419.09
1038.07
595.22
1376.60
1030.12
1137.93
1837.21
1203.89
756.03
1377.86
793.46
1798.92
1061.51
1965.67
1892.82
1072.20
905.47
1688.96
1669.53
1639.32
1745.84
1969.91
1522.37
632.24
1581.42
692.46
1129.51
1794.85
1843.54
769.05
609.73
1291.20
1650.85
1155.36
850.95
1649.04
1540.15
1900.02
1670.56
1909.67
979.00
1690.46
1300.58
1412.50
1737.71
1935.90
1666.63
1808.93
1018.96
1910.47
1853.97
1610.01
1725.65
1539.40
553.43
968.40
806.91
1410.88
1911.97
1727.73
1334.67
1382.95
1023.19
1535.83
1767.94
1822.02
1264.39
1726.73
1413.81
1373.80
1853.89
1568.84
998.22
1775.88
1509.23
1691.66
1609.22
1914.21
1581.94
1528.01
1827.05
1582.73
1770.85
1966.53
1793.31
1980.64
1678.97
1106.54
1020.33
1964.85
1912.27
1945.99
1289.28
1713.73
878.92
520.56
1494.54
1488.80
1157.73
1146.57
1269.76
1862.39
1879.95
1631.42
1668.30
1907.85
1950.60
1782.68
1622.47
1616.67
1793.38
1487.19
1946.15
1590.65
1259.13
1854.41
1836.99
1891.15
660.00
741.71
1924.49
1704.99
1707.23
1953.10
1565.77
1912.53
1617.35
1958.10
1222.79
1819.93
817.30
1656.37
1770.67
1725.95
1322.57
1620.52
988.73
1814.65
1695.21
861.34
1552.61
1879.70
789.71
1277.87
1789.31
1943.58
1793.90
1393.16
935.98
1042.48
952.92
1486.09
1491.43
845.35
1776.60
1014.60
1163.86
1745.20
1527.95
906.31
1823.57
1244.21
1116.12
1605.98
591.51
1322.08
1197.27
1745.64
810.39
1330.52
915.99
1931.20
1373.54
1464.84
1600.16
1778.15
930.01
1835.35
1736.43
1107.80
1076.57
1667.60
1698.26
1243.22
1713.28
1703.82
1742.43
1609.86
1378.81
1700.33
768.46
1509.40
1256.71
1677.07
1154.66
1679.23
1743.90
944.15
1514.08
1232.03
1744.83
1637.93
1361.84
578.11
1247.84
1851.74
1710.18
852.64
1904.70
1360.17
1145.90
1663.85
1573.06
1483.89
513.81
1051.83
1846.23
1670.58
1046.95
969.29
1797.60
1097.23
1389.10
1810.51
1702.00
1493.40
942.90
1822.11
1547.97
1726.79
1836.34
1366.55
1587.39
1632.30
1840.64
821.09
1783.43
1598.71
1548.62
1465.71
1920.58
793.67
1716.38
1284.92
1881.20
1898.67
1582.29
1634.97
1497.67
1948.37
1691.13
1071.81
1022.06
1216.11
1215.39
1513.88
1762.42
1942.78
1501.12
1116.23
1196.20
1134.44
1570.81
1223.70
1807.03
1728.73
1804.83
1198.35
1696.34
1677.57
281.28
1945.68
1467.66
1690.11
1747.27
1767.61
1799.74
902.22
578.97
1208.05
721.96
1750.32
1783.58
1864.32
464.09
1300.74
1696.12
1628.13
1622.88
1593.60
1247.51
1862.22
1101.78
1696.48
1645.50
1411.46
1874.71
1800.91
685.97
1780.18
588.79
1680.82
1658.67
1736.07
816.51
1537.82
1246.65
1024.91
1679.14
899.30
1650.70
1691.97
1648.38
1919.63
1807.35
1568.41
1226.78
1155.36
1756.07
1235.93
1645.14
1303.75
797.42
1111.90
1289.67
1001.06
1908.58
1316.02
1932.19
447.16
1774.47
1501.58
1887.09
1659.70
408.15
874.68
1822.18
630.74
1120.38
1477.55
1479.46
1782.97
1441.60
1874.32
1363.75
1717.07
846.35
1579.58
1420.63
1142.74
1408.72
1479.89
1667.74
472.67
1057.22
773.50
1417.71
1568.20
975.31
1219.74
887.74
1144.69
1223.27
1586.65
1886.54
1949.44
1928.09
1260.41
1924.42
1863.17
1053.67
1348.77
831.08
1057.02
1692.60
1227.33
1835.87
1665.93
1697.74
718.68
1657.21
1214.65
1710.06
1690.19
1856.32
1127.55
1723.09
817.13
1560.17
1236.82
1009.97
1655.71
1419.57
1732.93
1842.29
978.43
1287.17
1660.63
708.22
1690.48
1400.18
934.46
1727.99
1500.26
1983.60
1167.65
452.63
1094.06
1544.11
1947.37
1792.51
1801.45
1430.98
1402.82
1697.23
1683.14
1417.67
1477.01
1827.22
1466.38
1746.74
1436.60
1715.99
1862.50
1912.36
1679.24
1246.69
1037.58
1029.96
1426.22
1568.46
988.37
1840.15
1431.38
836.12
1603.91
1823.68
1366.79
1172.57
1003.68
1383.86
1210.48
824.67
1448.13
850.55
1525.87
1387.46
1210.49
1757.43
1079.87
1293.41
1255.67
1053.66
1471.83
1821.57
751.37
1743.60
1139.60
521.36
1366.62
908.89
1505.39
1087.47
1645.03
1277.01
1393.48
1248.53
1811.45
1100.49
1620.92
1224.58
1711.59
1931.13
1978.31
1687.88
1182.44
625.51
1749.41
1501.98
1561.93
1341.55
1750.89
1853.57
1695.00
1440.41
1414.56
1071.08
1984.36
1816.49
1932.85
1183.72
1420.09
1487.11
1630.37
1578.54
740.85
1861.12
1403.04
1762.76
1483.67
960.49
1751.80
1741.51
1455.87
1839.11
1572.47
1649.80
761.72
1534.11
1991.41
1434.51
1624.00
1960.82
1723.51
1473.89
1819.20
1497.74
1679.19
1543.73
1445.03
1642.70
1952.39
950.30
734.03
1716.02
1394.79
1296.19
400.78
1338.88
883.69
963.24
1792.24
906.28
1696.64
1790.43
1837.81
1456.30
1835.02
1315.05
1100.24
1622.41
1789.27
1485.06
1693.75
1725.15
1299.31
886.71
1650.62
1635.52
1181.38
1505.20
1758.19
1592.02
1176.38
1696.88
1504.73
1642.04
1775.99
1122.29
1843.41
1497.24
1907.26
905.58
1902.48
1618.90
1941.43
1151.95
1137.44
1839.14
1750.47
1457.34
991.00
1218.73
1943.19
1585.78
1745.33
1455.95
373.83
1730.80
1084.54
1287.35
1185.11
1969.65
1287.08
1459.17
1706.61
1108.60
715.28
1399.44
1423.49
1377.37
1595.37
1111.90
925.06
1572.11
1472.24
1644.29
1421.44
1942.80
1510.26
1289.37
956.49
1550.01
1767.90
1676.06
1444.98
1604.72
694.03
1443.31
993.39
768.16
1440.08
1486.76
1667.55
1886.86
1253.35
1692.03
892.23
1610.50
1821.06
1091.00
1856.08
1274.50
1829.68
629.51
569.64
1600.97
1137.63
1837.10
1234.40
1917.53
1637.71
1411.04
1786.27
1233.23
1000.76
1885.76
1676.90
598.53
1294.74
778.68
960.93
911.01
1519.56
1424.85
1492.08
1794.48
648.61
837.60
530.55
1318.35
1073.08
1564.54
1062.95
1978.10
1658.55
285.07
1571.17
1193.97
666.31
1211.89
1501.77
1008.83
1839.43
1753.89
1645.03
914.35
377.75
1487.36
1109.87
1437.65
1582.04
1144.44
1731.38
359.25
536.85
1831.71
1729.96
704.83
868.59
1143.52
1509.84
1569.35
1491.63
1837.97
415.00
1318.46
854.11
1576.61
1652.28
1779.67
1657.82
1639.27
1833.59
1496.22
1848.00
1380.58
1656.00
905.73
1512.20
1336.16
819.81
1578.28
1655.84
1599.86
1768.80
1412.81
1736.00
1491.26
1110.67
1374.48
1150.72
952.88
1781.74
1703.13
1526.60
1312.07
1947.31
1883.12
1816.94
411.11
1178.16
1198.31
1942.48
1566.96
970.87
1578.38
922.13
1866.99
1787.38
1984.87
1774.18
1377.00
990.89
1941.81
1769.05
479.20
1360.08
980.99
1405.26
1574.33
1391.36
1471.08
1726.56
1520.64
1871.83
1357.44
1048.69
1457.66
1687.65
847.36
1478.33
1695.70
1047.52
620.89
847.78
1372.68
1111.99
1670.10
1095.28
1803.64
1707.49
642.71
1669.87
1529.81
1440.60
1294.21
1336.09
1783.20
1625.09
1850.58
1966.77
1837.46
1584.48
1325.69
1122.73
1453.18
1396.88
1719.77
1781.94
710.85
1818.01
1872.50
1701.36
1725.99
1326.26
1368.27
1101.53
1186.93
1780.31
696.69
315.77
978.81
566.53
1237.80
1063.32
984.80
743.88
901.35
1506.14
1268.54
619.15
1210.91
1690.71
947.02
1792.10
1818.89
1406.03
1752.42
407.10
1485.45
1322.65
915.48
1203.76
1372.62
1141.26
1862.51
1374.33
1548.28
730.69
1932.50
1211.71
1930.37
1072.11
1374.22
1260.92
1676.84
705.64
1347.00
440.99
1390.06
1789.77
1931.66
534.90
1840.03
695.00
1124.62
1113.82
1180.16
1765.95
1480.05
1582.42
1707.99
976.22
651.41
1142.57
1805.06
1779.10
1164.13
1900.10
1910.18
1725.48
1025.82
1542.08
1632.73
812.80
1633.35
1246.69
1651.15
1330.36
1389.52
1679.80
1430.61
1356.76
1803.82
1732.95
1698.48
1466.65
1152.86
1579.40
1897.78
996.39
1750.14
1156.91
970.76
1660.41
1591.76
1829.63
1027.19
1128.72
1202.07
1144.00
1847.32
1298.55
1924.11
528.81
1402.57
1481.92
1328.68
1391.77
1765.05
1810.91
1579.63
1198.03
1423.81
1775.53
1858.49
439.83
1909.19
803.00
940.06
1751.30
1047.33
1591.92
683.93
1874.87
1687.63
1877.96
1884.34
1360.83
1675.87
1664.87
1893.28
1776.12
1359.29
897.99
921.52
1587.59
810.98
1756.42
1397.14
1442.80
1939.07
1684.09
1722.72
1671.24
1050.58
1799.78
1766.11
1855.34
562.67
1046.84
925.36
1565.30
1848.68
1817.24
1586.97
1818.32
1682.55
1519.77
1594.32
1724.47
1694.41
1775.64
1016.30
1361.99
973.30
1798.96
1662.69
1747.17
699.17
1342.79
906.71
1155.83
1189.46
1062.54
451.25
1441.91
1318.70
1637.75
1146.45
703.97
1102.83
1782.96
687.66
710.88
1712.48
1806.77
1291.68
1766.32
1676.72
1820.63
1621.60
1692.31
1673.38
1394.13
1795.64
1689.20
1222.50
766.03
1101.51
1159.38
1554.25
541.14
1698.93
1853.46
1729.82
1325.35
1368.99
1013.63
1733.23
1975.86
1363.61
1187.43
1879.14
1129.06
1261.53
1421.56
1649.06
949.92
1021.53
1873.60
1660.57
1929.03
1467.70
1629.63
1808.87
1670.19
1882.27
1684.98
1514.32
1729.95
1378.13
1818.78
1433.26
1569.90
1332.37
1564.31
1507.25
1534.80
986.18
701.30
1734.66
1734.06
1131.06
1088.54
1104.57
1606.24
1191.81
606.33
694.77
1692.01
1820.58
1417.15
1347.90
1934.89
1954.84
1830.73
1247.69
1568.10
1049.58
1265.93
1099.36
1841.44
658.74
1620.31
1016.66
1691.45
1879.59
1470.86
1660.83
1012.70
1629.80
1746.47
568.50
1371.57
1384.63
1410.78
1400.23
1567.42
765.48
1385.53
1488.16
260.66
739.90
1822.50
1656.17
838.24
1176.21
1800.31
680.24
693.69
1701.47
1779.02
1741.28
1855.67
1918.71
1422.58
1461.37
1245.99
1824.09
1791.81
1677.49
1673.39
1759.98
622.80
1710.79
1250.73
1452.12
1659.32
814.93
1282.58
1551.47
1450.46
825.97
1517.51
1927.19
1514.97
971.32
1494.46
1485.59
1637.96
1922.78
1815.69
597.39
277.16
873.25
1685.48
1781.08
1886.26
1649.89
1531.40
1874.14
1807.33
1801.34
683.22
1689.34
1816.23
1486.84
1832.95
1850.60
1268.00
1866.08
1397.59
1131.95
1427.64
943.49
1654.31
1700.12
1787.16
1119.83
1439.22
293.82
1822.26
1520.49
1491.31
508.70
823.62
1804.17
1763.67
1747.73
1020.90
1820.97
1329.36
839.05
1838.63
1306.73
964.30
692.34
1234.09
1857.06
1956.47
1416.54
639.58
1109.99
1038.96
897.49
1756.14
1187.93
1282.43
1373.20
1582.80
1306.03
1724.20
897.44
1351.00
1863.48
1771.57
412.07
1929.10
1384.62
1978.78
1882.29
926.58
1019.10
597.35
1730.52
1803.55
776.61
1152.35
1703.17
584.95
1123.22
826.13
1558.67
1678.03
1983.30
939.54
1151.90
1186.89
1569.90
1838.61
722.16
1812.58
1390.79
1384.27
700.00
1626.74
1691.70
1795.15
1785.84
775.45
1633.73
1098.27
1821.36
1333.52
1640.21
1722.98
742.41
1093.19
1023.48
948.78
1420.40
1491.09
1640.96
1463.66
1488.78
1461.78
1242.79
1460.49
1395.53
1885.75
1098.01
1810.70
1638.33
1797.92
1540.25
1047.62
1502.67
1888.22
1756.95
939.37
1601.48
1529.12
1880.72
1647.54
1616.78
1746.02
1415.48
1562.11
1604.80
1872.49
1023.36
1588.63
895.25
1815.94
1768.60
470.07
1647.59
1856.11
1917.92
1382.76
1336.40
752.20
1176.10
1903.47
1147.14
1723.02
1143.62
760.46
1416.71
1699.98
1297.12
1788.25
1169.71
368.98
913.29
1771.57
1777.91
1689.58
1662.19
1972.49
1280.63
1592.47
1755.37
1669.19
1185.54
1501.20
1469.26
1668.29
1103.25
1488.69
1483.04
1164.93
890.63
690.53
1775.02
1160.90
1656.63
845.30
967.94
1557.20
1660.55
1076.58
1373.72
1818.79
793.85
1922.51
1001.09
784.11
1693.13
1056.50
1732.30
1906.39
1105.78
1813.94
1681.29
1833.63
732.76
386.42
945.51
1580.25
1733.43
702.57
1814.91
1852.32
1259.79
1733.44
832.05
716.74
1703.49
807.15
248.42
1230.41
1769.31
1562.88
1688.51
1899.04
1738.72
1888.66
1761.35
1429.45
1266.40
1730.89
851.68
1448.91
1605.32
1761.88
1261.87
1802.55
1165.44
1456.52
1634.84
1460.32
1429.26
1122.34
1909.82
1092.92
1705.45
1967.35
747.48
1786.06
247.34
1937.87
1225.53
1783.06
1735.66
1061.71
1801.61
1953.67
1605.63
1550.49
635.66
1620.98
1619.60
1568.50
1316.50
1870.75
1087.72
1816.68
1702.13
1193.66
279.57
1832.87
429.65
310.22
1279.56
994.17
1854.49
1770.58
1591.04
1915.03
1647.47
1537.84
1640.93
1079.93
900.97
1740.60
1143.75
1653.30
1287.84
1489.32
1725.73
1735.34
1440.94
670.69
1571.45
1420.80
1804.93
885.72
699.04
1099.52
1084.84
1358.23
955.81
1737.62
1548.47
1695.94
864.46
1783.86
771.25
1945.58
1832.37
1636.66
1228.29
1569.55
906.60
1693.59
1274.86
980.58
1746.92
895.08
947.61
582.44
872.93
440.58
1911.19
1848.74
1564.59
1318.77
1142.28
565.78
1618.23
1748.14
1145.27
406.84
1621.08
1637.58
492.94
1422.21
802.96
929.10
1242.99
1884.37
989.92
424.16
1228.00
1932.27
1557.50
1804.05
1869.13
1208.82
1628.00
1870.56
1365.81
931.41
1078.57
1770.79
1289.38
1737.23
965.64
1465.75
1915.55
1685.58
1096.06
1863.59
1868.20
1323.76
1805.88
1437.28
998.14
1796.66
1307.47
1205.86
1562.50
1843.46
1499.77
541.91
1506.77
839.90
904.36
264.37
1636.27
1843.81
1642.41
1202.41
1397.59
1818.50
1869.59
1652.94
1099.68
1516.09
638.71
1845.20
1792.46
1133.88
1780.37
1222.88
1784.40
1711.78
1701.62
685.09
926.84
1586.69
1868.71
1590.26
1160.36
1523.84
1328.60
1057.96
1922.73
1663.44
1901.69
1679.03
976.38
1679.12
1473.73
1684.97
1050.48
1602.76
955.22
1012.83
1440.17
1697.43
1656.99
1603.27
1836.60
1197.07
804.26
941.47
1839.21
1821.60
1706.80
1453.85
1161.88
1448.65
732.64
1810.27
1051.58
1926.40
999.35
1629.39
645.34
1428.68
1145.64
914.12
340.08
1762.47
1803.22
670.51
1141.63
1970.81
1888.82
1095.12
1902.10
1600.43
1620.45
1665.23
1585.24
1993.37
1105.55
669.90
1908.65
1632.79
1665.28
1816.91
1973.94
1606.10
1617.72
1748.89
1515.81
1164.33
1258.26
1303.48
1666.59
1523.98
1930.00
1649.14
1595.96
1749.22
1752.52
1181.64
1916.94
1079.36
1515.04
1442.38
1674.78
1988.08
566.99
1152.41
1331.18
1944.63
1834.23
1043.96
1916.66
1786.69
1710.82
1682.99
969.96
959.70
1765.70
369.56
1920.35
1889.54
1930.51
1810.75
1404.13
1697.79
1592.23
1847.07
265.40
1721.36
1154.61
1235.75
1870.59
1339.56
1187.18
1621.62
1739.76
1624.91
1493.45
1660.49
1303.85
1833.17
876.82
1305.85
1144.90
1108.27
682.29
615.65
870.97
1694.96
540.26
1586.52
849.99
1665.84
1903.27
1842.41
1622.71
1883.67
1604.64
1423.54
1739.85
1841.55
1092.22
536.28
1176.67
1655.42
1747.52
1840.75
1918.61
696.08
455.94
1848.06
1138.37
1840.50
980.96
1884.48
1112.37
1705.18
1155.97
1091.93
1217.53
1333.84
1936.50
1100.98
1957.10
1543.42
1406.67
1623.22
1697.59
1891.20
1717.50
1619.51
1179.73
1967.42
1083.78
770.76
1607.80
1266.60
1621.38
938.97
1304.01
1226.23
1687.79
1670.17
1793.49
1300.75
1465.87
1588.39
489.44
1669.29
1607.76
1924.21
1935.47
506.17
690.65
1643.82
1928.69
1091.11
1881.02
776.18
1123.33
1410.93
782.40
1993.07
1499.11
1071.29
1784.29
1862.68
1523.74
1017.75
770.15
1590.68
1653.69
1917.39
1602.77
1746.45
1722.65
1052.64
1826.22
1762.07
1386.75
1833.39
300.30
1782.54
1305.42
1796.50
597.76
685.54
1965.16
1836.73
1272.25
928.84
1527.75
1864.86
1778.45
1272.68
1674.53
1686.70
1124.65
1565.01
1760.72
1605.15
1104.48
1310.97
817.42
1740.40
1787.50
1478.51
1828.34
1960.23
1921.45
1652.35
1683.58
797.30
880.79
1525.94
763.07
1589.67
1516.75
1958.25
1090.44
1673.97
1635.76
1750.77
1719.27
1519.25
1824.42
481.42
969.49
696.47
1311.24
831.91
1914.34
1761.93
1998.58
1637.71
1242.92
1141.13
395.17
911.39
1817.92
1559.57
1773.33
970.39
859.42
1348.56
1314.06
1609.73
1065.66
880.06
1616.02
1398.53
1743.69
904.13
1251.88
478.61
701.69
1618.97
1385.60
1786.27
1482.94
1785.07
1629.23
1858.10
1928.67
1126.36
1879.84
1531.86
1752.04
960.48
1457.63
1775.86
304.41
1934.71
1826.57
1186.94
1578.32
1066.45
1743.95
1213.76
1570.46
1594.38
1565.32
741.90
1825.82
1524.70
1716.46
930.48
1058.77
1818.85
670.80
1742.16
1901.54
931.11
1362.73
1890.82
1556.94
873.48
1808.53
1131.02
1175.43
1305.27
1836.76
1025.83
1336.36
1925.83
1638.85
1187.96
1738.94
1566.99
1399.69
1035.77
1408.65
1056.33
766.77
1251.70
1437.40
322.23
1749.96
421.72
1659.40
1317.25
1761.72
1784.96
1806.46
1573.50
1614.61
382.90
884.43
1401.30
1854.69
1131.20
1716.15
1792.32
1621.94
1442.51
1634.66
1197.02
1656.02
392.60
1961.19
1458.11
946.36
757.87
715.24
1940.07
1431.93
1404.81
1913.95
1906.71
1329.46
1729.97
1652.54
987.76
1840.50
1634.78
1672.28
1524.92
1576.78
1893.44
1569.76
1742.73
995.64
945.18
1757.86
1793.92
1422.27
963.40
1975.55
1370.02
1618.42
1659.13
1624.29
1596.27
1217.38
1541.17
1408.65
1930.52
1313.72
1777.57
1698.14
1488.46
1993.64
1267.13
1369.31
1602.92
1691.01
1462.66
871.90
1138.52
1657.86
1505.63
1858.77
1680.57
1263.71
1002.74
1175.53
1057.58
1912.73
1607.99
1184.59
1902.28
1424.00
1766.06
1941.45
1811.43
1716.04
1695.76
1689.46
1223.70
570.43
1677.17
1955.41
1808.15
1745.03
1964.30
1707.76
1832.18
1204.11
1067.71
1311.25
1790.45
1651.70
1733.29
1282.25
1684.21
1555.62
903.15
1909.57
1498.41
1900.41
1899.59
1267.77
855.59
1595.45
1882.80
1769.78
1705.15
1123.82
1890.36
1857.16
1817.36
1357.93
1714.83
1954.34
402.45
662.17
1459.31
911.34
1388.23
1102.52
1856.17
1096.91
1175.78
1225.52
1172.94
1715.59
1706.16
1267.55
1196.15
1709.64
1690.76
1446.80
1028.85
1900.60
1598.66
1573.65
1376.46
1505.90
1806.21
1287.02
1185.06
373.85
1020.42
1607.50
901.56
1568.71
1443.01
1620.73
1983.94
1856.31
1854.95
1680.08
1744.26
1553.39
1888.38
1402.73
1718.77
1892.88
1930.41
1312.35
1840.31
1627.21
1725.64
1830.26
1089.32
1206.82
1932.06
1891.33
1324.39
956.00
1656.31
1925.74
1668.58
1775.62
1653.68
1868.55
902.87
1737.64
672.53
1299.46
1754.10
689.16
1495.75
1766.14
1958.43
1893.82
1725.00
1140.18
949.34
1430.47
1927.46
1861.41
1599.52
1727.78
1208.33
1006.55
1595.31
1196.08
1613.41
1178.58
1575.52
1874.29
1853.17
1920.59
1598.30
851.96
1832.96
1184.82
1727.34
1258.09
1758.36
1137.55
1016.05
1291.24
1639.09
1403.64
1722.81
1009.97
1685.22
1804.09
1700.44
1922.93
1614.98
399.68
1442.26
1096.10
1323.83
2004.45
872.83
1754.97
1788.75
1086.34
1427.66
1914.48
1904.37
1451.43
1655.08
522.50
842.66
1169.59
1622.09
1627.79
1618.36
1728.62
1658.73
1534.43
1754.98
724.31
1704.19
1855.71
1888.75
1898.49
1846.67
1624.48
958.45
1042.31
1530.96
821.03
1296.63
1594.38
1760.45
883.13
1571.76
1857.80
895.03
1832.86
890.36
1068.27
1793.65
1432.11
1873.39
1886.17
1774.39
1005.43
1523.58
1030.57
1397.46
1681.30
1193.01
1657.78
1564.68
964.39
884.47
1387.81
973.22
1686.64
1286.04
1242.20
1559.08
1370.65
850.50
1249.13
1630.76
964.00
668.41
713.80
417.29
1349.62
1815.96
699.27
1724.68
1454.67
1680.16
1677.40
1666.59
1813.27
893.16
1514.18
1997.36
1589.41
1569.22
1353.36
1377.68
1744.35
1284.06
1302.99
955.32
1603.36
1686.67
1592.12
1130.98
1773.89
687.58
1062.05
1061.13
1748.43
1086.27
1372.53
895.15
897.70
1523.65
1053.58
875.13
348.08
1696.66
1046.97
883.71
1929.34
858.17
1926.05
1345.70
1685.39
1813.83
1384.02
928.70
1801.86
1820.81
1835.64
727.80
1103.72
1112.95
1520.69
689.62
1447.17
1581.43
1408.65
1953.49
1142.72
1076.10
1763.32
1652.57
1940.57
1913.77
1599.89
1765.10
1709.69
748.85
1607.11
951.45
1819.61
1002.82
285.47
849.03
1242.79
1684.53
1873.34
936.53
1457.95
1341.85
873.91
1485.61
1708.77
1423.42
1683.92
1920.00
772.74
1693.02
781.32
1908.56
1106.21
1216.68
1097.97
1912.64
1394.09
1289.10
1941.58
1675.72
1380.93
1890.65
1547.39
1467.87
1933.81
1693.60
1110.99
1702.96
1366.69
1636.55
1183.13
1710.56
1185.39
1702.72
1693.36
1819.66
1801.60
1987.45
1947.73
652.88
1521.38
1732.96
1545.15
664.75
802.84
1145.13
1959.42
1333.03
1395.55
1881.80
882.36
1674.22
1729.07
1793.87
565.57
928.75
1798.87
1746.20
864.56
1097.34
1885.91
1838.61
1739.83
1637.39
1322.74
617.57
1868.80
1558.91
1200.68
1969.42
1452.02
1876.00
1193.64
1785.47
1771.95
1870.03
1821.93
893.97
1527.86
1267.57
1541.88
1950.03
1484.30
1685.11
1349.44
1732.26
801.99
767.91
1120.74
1424.01
1859.05
1071.05
1831.20
1272.26
1514.52
1427.39
1530.02
1359.71
1209.49
1850.76
1935.17
1254.64
894.45
1006.08
1368.92
1952.17
853.77
1859.45
1312.06
1990.54
1386.49
1881.19
769.35
1559.90
1474.91
1151.79
1439.49
1066.84
988.54
1651.26
1329.04
1812.31
1626.35
1494.03
1699.63
1403.21
1553.91
1292.65
1976.09
1683.04
1551.09
1136.19
1151.42
1839.58
1624.09
1615.15
739.41
1451.31
1793.64
1616.84
1866.91
1964.36
912.85
1478.37
1805.07
1674.61
999.20
1958.09
685.86
1668.36
1718.05
1479.54
1249.48
792.12
1212.63
1738.46
943.72
1686.39
1690.16
1524.41
1760.70
1232.27
1924.84
1615.64
1719.56
1700.24
343.33
1284.07
1150.95
1743.59
1830.45
499.62
1175.40
1266.66
1571.56
1887.32
1174.19
1865.78
1924.84
1142.37
1681.99
1847.94
1504.11
1625.54
1416.84
1105.56
1929.37
1489.03
1263.42
1385.29
1737.91
1327.61
791.77
1445.14
1939.73
973.51
1411.71
1629.76
1367.18
1449.02
907.33
787.24
1725.37
1732.46
1250.32
1291.91
1923.44
1629.09
1812.49
684.79
1548.54
697.47
1247.94
1504.69
917.03
860.58
1495.26
687.93
1798.87
1390.83
1254.86
1841.42
1348.10
1632.50
1435.93
1332.53
1289.81
1361.02
1395.45
1624.80
966.96
668.23
978.78
503.36
1963.75
1757.46
1199.71
1238.60
390.13
1116.54
1407.40
1382.68
1201.19
1937.96
1300.07
1358.49
1536.27
1917.36
1657.97
1520.46
1703.42
1218.60
1798.02
1750.70
1364.91
1674.91
1707.67
761.98
1736.51
1409.68
1051.16
1914.47
1835.86
1839.30
1199.94
1680.96
874.68
921.48
1824.05
1240.38
1643.72
429.48
1379.50
1731.28
957.58
1710.73
1783.26
1808.48
278.32
1355.81
1943.53
1884.50
863.23
1415.96
1643.60
1814.81
1714.79
1928.57
1410.78
1632.34
731.39
1612.60
1056.06
827.10
1379.65
260.45
1753.23
763.34
775.72
1660.39
1321.46
1964.65
1260.09
1878.13
1850.75
906.95
1855.12
1656.95
1801.99
727.74
594.96
1673.65
1821.00
1719.74
558.00
1799.91
1961.20
1119.81
1093.98
783.96
1714.66
1831.85
1737.10
1974.09
1779.74
1658.03
509.08
1129.55
1754.09
1931.72
1755.55
1848.51
685.14
1710.50
1360.55
1938.31
1346.55
1372.27
1745.91
1580.09
810.43
1798.59
1343.26
1621.93
1786.30
1389.08
1214.18
1508.89
1893.79
818.72
990.33
1890.44
1770.06
632.01
1629.14
1580.24
1687.43
1814.72
1913.69
1347.60
931.59
1639.97
1517.99
1762.82
878.54
1411.27
1064.30
1500.35
1372.12
1571.64
1952.68
1682.47
1060.74
1703.35
1616.60
1197.17
1488.66
1919.97
1793.07
1651.25
1648.83
1646.62
1872.36
1719.03
1907.63
1833.06
1200.07
1392.42
1635.09
1200.57
1826.60
1728.13
1836.78
1585.64
1559.38
1899.80
590.63
1334.72
746.31
1728.41
1496.74
1751.49
1474.02
731.87
1354.71
1371.47
1475.52
1259.40
1880.95
1916.41
1235.89
1884.05
713.23
1587.97
989.55
1555.51
1185.46
1014.22
1740.20
1432.30
1206.89
607.39
1572.73
1468.60
1493.16
1810.10
1834.83
1435.81
1799.10
1745.07
1617.98
1503.06
1312.44
1244.63
1455.95
1934.14
896.23
968.21
1751.74
693.41
1796.58
1635.43
1466.91
1279.92
1832.21
1404.37
1911.30
1875.79
1088.64
1750.88
1004.89
757.87
1294.71
872.28
1833.88
1853.40
1697.28
1471.76
1781.96
309.02
1787.51
1163.03
1205.40
1736.03
1121.45
901.61
1839.26
885.33
1296.29
1696.16
691.63
1516.59
722.53
693.82
1334.34
1687.52
1235.78
1698.76
1638.96
1059.46
1931.65
1659.69
1747.73
1733.02
1412.93
1437.09
798.52
1735.78
1899.68
782.15
713.60
908.23
1770.70
1918.44
1078.43
1921.63
1320.86
1153.55
1959.80
1160.18
1878.76
884.45
1488.00
1529.76
959.09
1853.20
1314.82
1100.88
1851.15
1314.14
1018.59
1800.98
1948.35
1679.73
1540.31
992.47
998.35
1307.00
1661.42
1281.13
1882.37
1657.79
1223.31
1345.73
871.88
1802.96
1519.03
1261.34
1568.93
1880.96
1971.21
812.36
1770.29
1562.73
773.80
321.53
1478.98
1374.58
1323.60
1137.87
807.94
1793.09
1729.92
1440.86
1804.11
1665.02
1398.61
1017.82
1611.93
1018.46
1073.31
1478.19
1161.13
930.36
716.27
1101.56
1796.56
1973.28
1802.47
1945.28
1288.20
1738.10
1590.00
1156.07
1313.68
1907.53
1134.09
1793.65
1639.77
1989.08
1577.48
1424.08
1436.96
1913.47
984.81
914.18
1433.86
1572.47
990.14
1072.61
1199.66
1236.41
1772.16
1512.84
1385.70
1870.07
1503.72
1735.18
285.84
330.54
1877.89
1736.87
962.93
1904.48
820.18
1121.46
712.10
1682.40
1272.79
1946.14
851.80
1444.68
1504.63
641.96
1834.00
1163.75
595.57
1176.41
1757.21
1761.17
1265.90
1876.35
1498.32
600.37
1895.04
1973.52
1491.21
1883.77
1278.36
1980.49
1216.91
1861.82
974.98
1423.84
915.38
1136.30
1651.05
1481.85
1328.62
1613.13
635.70
802.81
1507.99
1301.92
1887.22
1842.72
1676.13
792.44
1406.80
1049.83
926.27
1678.28
907.36
1543.20
1370.90
1522.87
1368.72
1811.47
952.25
971.20
1864.33
1448.89
1826.26
941.65
890.40
1944.15
1105.93
1331.70
1761.78
1471.04
1271.08
262.21
1918.95
1304.33
1828.30
1361.93
1597.01
1227.94
1903.67
1789.39
1792.15
1744.08
1800.16
795.47
1833.45
1683.41
1469.36
1768.77
1856.15
1622.01
1275.84
1806.43
1809.32
1054.41
1791.02
1390.06
835.34
737.17
1478.51
1908.04
1103.00
748.77
1659.88
729.74
1762.63
1335.60
1135.61
1537.33
1632.38
1600.30
908.36
1797.08
1209.53
1156.81
1111.29
1577.19
1484.46
1619.18
1092.59
1255.76
978.21
1930.09
1172.45
1604.76
1205.10
1974.80
1843.38
1224.81
1828.36
1373.54
1831.72
1627.37
1177.94
1367.66
1740.52
1289.95
603.36
1719.82
1410.66
994.29
1964.69
1250.12
1797.28
964.36
1567.25
1146.78
1948.27
1637.54
1919.84
1631.39
1516.39
1728.40
881.68
1623.65
749.53
1491.14
1130.97
1198.98
1084.74
1888.07
1795.62
1602.81
1159.40
950.39
1651.27
1957.08
1827.41
598.16
1145.08
930.96
1608.43
1539.43
1644.23
1630.77
1567.98
272.83
1539.33
1759.81
1452.54
1632.43
933.44
1843.34
1751.48
1079.36
655.89
1962.57
1126.14
1752.46
1734.39
1456.72
1960.80
1222.67
1604.57
1902.40
444.31
1275.99
274.43
1658.68
848.49
877.02
1822.38
1816.87
870.63
1422.01
1659.17
1918.60
1867.89
303.67
1639.96
1089.45
1926.18
1231.14
1966.52
1794.83
1968.26
1491.30
1756.17
1275.81
1566.23
665.25
1738.94
1512.93
961.07
1067.97
1736.16
1343.91
1750.58
288.56
1803.16
1732.01
1123.48
1057.68
716.48
1565.37
1133.83
1169.71
1240.75
1011.69
1598.91
1488.13
913.22
1392.28
1655.11
1457.62
1527.78
1372.21
1799.11
1713.04
1055.66
1241.25
922.69
1648.62
911.26
721.94
1271.83
947.49
1851.71
1378.00
924.66
1720.47
1123.80
1964.73
1317.89
1115.55
1370.78
745.96
1271.42
1291.04
1447.02
1853.40
933.42
1312.54
1438.96
1695.62
483.74
1364.64
1336.01
1004.11
1836.50
1917.98
1129.11
1422.31
1202.05
1757.86
1733.40
1424.18
1184.61
703.97
1893.76
1262.86
1848.30
1198.46
897.06
1929.40
1438.35
1659.54
1225.45
1698.29
1671.36
1295.02
1254.13
923.34
1309.70
1337.64
1351.29
1455.06
682.89
1488.67
1047.51
1453.10
1434.92
1661.29
1849.99
1717.49
1190.29
1852.22
1040.18
1636.67
1137.70
1766.34
1228.56
1364.05
1652.88
1696.40
1586.27
843.13
1184.81
1923.60
1840.21
1756.13
1357.82
1883.21
1743.21
1839.98
1697.84
1552.83
1588.05
1809.81
1636.89
1218.25
1516.20
1548.93
1329.47
724.38
1058.28
1860.14
1265.34
1509.24
1869.11
1770.50
1592.63
909.50
1567.64
1921.85
331.15
1416.93
1430.66
1616.19
1602.55
1110.21
1432.74
781.14
560.66
1360.14
1764.56
1896.84
1809.08
1754.18
1363.17
1700.93
1730.26
1901.61
928.24
1749.70
577.18
930.17
1143.08
1391.98
989.79
1708.08
1161.56
1585.32
1691.38
1766.89
1475.67
1372.98
1725.98
1216.54
1664.77
1833.92
1792.08
924.34
1215.28
1780.00
1228.94
1433.22
833.05
908.59
1481.87
1756.94
958.05
854.74
1149.43
1803.61
1430.88
1377.61
951.59
1859.67
1612.49
1718.83
1773.43
1427.53
1318.81
667.56
1312.49
892.56
828.83
1746.16
1925.61
1261.60
1923.49
1004.96
1326.82
1006.44
972.52
1105.56
1251.73
1517.50
1397.03
849.96
1542.60
1918.98
1473.68
1334.00
1845.03
1706.14
1930.54
1262.63
1128.93
1376.30
1581.19
1328.63
1283.38
1648.69
1110.10
545.68
1679.71
1670.02
843.36
1178.51
1224.39
913.91
1653.77
1590.52
1230.56
1254.04
1807.85
1693.02
1708.02
1873.47
1469.65
1451.88
1641.31
1861.18
1785.29
1778.43
1843.38
1732.55
1831.93
1207.72
1386.48
1197.04
1233.53
1837.89
1358.36
1191.79
1694.22
740.82
1810.50
1004.25
1049.60
1097.49
1873.12
1656.14
1580.91
1744.26
1398.68
1558.84
875.65
1337.64
1048.19
1521.93
1738.42
1045.19
1273.71
1419.44
980.94
1374.13
976.66
1668.01
1849.98
1071.70
1205.64
721.27
1472.62
540.25
1136.92
845.38
1518.52
1726.37
1866.23
1950.37
1408.35
1957.32
832.32
945.25
1899.40
1621.06
1266.35
1460.46
1702.61
1255.64
1904.15
1466.72
951.68
1874.74
1955.13
1802.95
1690.91
1570.53
725.52
1664.81
1308.98
1582.84
1534.86
954.97
626.35
1882.08
1387.28
787.55
1461.93
1671.90
1249.79
1657.29
1828.90
1012.10
876.59
1352.33
1726.47
731.94
662.51
524.93
1789.82
1787.22
1335.18
1884.84
1290.27
1881.24
1747.51
1404.61
1681.39
1894.79
1691.29
1296.02
1632.15
927.30
766.04
1686.69
1614.44
1502.86
1608.65
965.03
1775.48
1794.23
1752.11
1929.35
1560.69
1756.40
1468.83
1987.23
1887.08
1165.88
863.48
711.85
1853.07
1042.34
1545.73
1754.42
1520.91
1069.72
1387.53
1322.17
1531.25
815.17
1277.12
1804.45
823.31
1790.36
1026.92
1733.24
1530.51
1204.68
878.86
1634.35
1423.17
1520.74
1558.68
1188.14
1622.61
1322.02
1348.21
1344.14
1801.95
973.27
1770.61
1705.59
1755.46
533.27
605.32
1918.55
1017.38
838.37
1617.28
1004.90
1718.27
1712.50
1519.80
1719.41
1744.20
1582.83
1938.28
1854.77
1246.57
1436.82
1559.96
1466.20
1143.09
1063.20
1667.20
1343.19
1279.48
1580.24
1724.02
1304.24
1446.23
1851.49
658.83
736.71
1779.10
1428.35
1397.58
1803.62
1633.33
1309.81
946.77
1803.74
1382.97
1011.35
1892.65
1572.22
1872.28
1549.56
1636.50
1099.54
1538.62
1763.88
1827.18
1986.90
955.09
659.84
1267.22
1425.77
839.28
793.04
1850.75
1178.59
1907.49
1234.43
1769.28
1926.51
1717.00
990.23
1597.41
1754.16
1074.62
801.45
565.28
1315.85
1794.48
1589.68
757.96
1343.88
1514.56
1718.01
1526.77
1850.31
1944.79
1855.02
1573.48
1935.31
950.69
1100.83
445.01
1744.15
1552.91
1365.31
1675.39
1646.29
1926.42
1883.85
1800.42
1427.08
1415.44
1545.24
1673.40
1807.48
1890.87
1258.42
890.49
1707.10
1353.34
1122.55
1358.52
1432.84
1946.20
1150.59
1102.80
1310.82
403.82
1459.66
1623.03
1628.29
1364.49
1198.79
1171.82
1340.03
1115.59
528.92
1600.12
916.23
1715.07
1035.40
1817.69
928.18
1754.24
1893.52
1746.79
1687.96
1856.88
1293.87
1825.50
472.81
1215.12
1972.14
995.21
1210.44
1393.20
1675.60
371.57
1475.63
1595.85
1288.25
1926.70
1915.76
299.06
1625.29
407.01
1631.66
1470.38
1783.30
1416.19
1853.24
1903.81
478.39
253.74
1474.46
1181.06
1209.96
1316.15
857.24
1737.15
919.47
1830.42
1634.18
870.07
775.55
1233.22
1674.78
1643.11
669.91
1739.00
1604.62
1142.33
620.55
804.89
1552.03
1236.93
1142.44
1424.20
932.60
1777.00
618.90
1227.80
1701.08
1752.31
1902.92
1728.28
1335.44
842.36
1806.26
723.59
1570.94
1185.35
1601.40
1297.95
1238.54
1425.49
1521.98
1540.53
1475.89
1827.50
1895.17
1772.88
882.41
1857.92
1282.11
1541.07
1868.83
1660.99
1740.01
791.02
1191.27
1387.74
1848.13
1482.58
1845.18
1841.90
810.90
1620.09
1692.69
1820.92
1009.91
1068.23
867.61
1418.46
1969.88
981.30
1780.20
1549.44
1205.39
631.08
1738.69
908.89
1539.89
687.34
1109.06
1162.95
1273.12
1799.39
1811.84
894.80
1702.55
872.42
640.71
1375.15
1191.22
754.54
1529.21
1742.87
1059.44
1492.50
1218.48
1275.84
1417.75
1546.72
1102.47
1249.97
1256.33
419.62
700.84
1639.17
1261.75
1163.29
1018.58
1338.50
1153.76
957.85
1700.23
820.05
1045.47
1357.70
1614.87
1657.24
1066.78
1572.82
1725.12
1777.70
1445.44
1849.69
1456.61
1643.79
1903.42
1075.26
1679.28
1498.01
1768.91
1458.64
1283.26
1714.93
1298.30
1845.13
1860.63
1944.06
1872.84
1764.38
1216.62
1683.75
1742.26
1381.14
1371.47
955.93
1709.40
1944.09
1769.88
1924.76
1412.91
868.41
1363.68
1686.02
1625.22
1761.74
607.13
1487.92
502.08
1351.54
1850.92
1501.73
1669.98
1026.41
871.36
1658.09
1273.62
1312.86
1528.21
1353.29
1931.42
1722.13
614.06
1338.73
1779.57
1220.47
1328.86
1641.41
1620.54
1146.87
699.35
507.28
1819.19
1002.92
1764.69
1868.32
1644.56
1545.39
1975.81
926.63
1301.16
1430.61
1316.10
1278.09
673.22
1792.78
1765.41
1434.81
437.41
1084.52
1600.65
1588.82
1120.98
1878.02
891.09
719.10
1368.37
1237.43
1894.50
1395.89
1091.22
1860.59
1885.73
1758.47
1467.18
1097.12
655.32
1667.19
1360.04
1777.83
386.26
1806.28
1749.49
1809.67
1575.39
1836.99
1071.48
708.67
1797.37
1718.15
1749.96
1405.02
1152.50
1392.84
1177.09
823.83
1834.07
1129.95
1342.43
1499.36
1033.72
968.34
1602.07
1931.02
1290.77
614.01
1465.77
1007.20
1631.13
1660.91
1236.08
1786.36
1517.90
1647.02
1858.44
1651.91
1058.07
1503.52
1979.82
1170.65
1614.05
1446.15
1125.73
1281.58
1583.84
1078.87
1605.87
811.74
1450.79
1065.27
1129.86
1583.99
777.54
1466.19
1925.10
879.24
1903.56
1051.43
1240.87
960.23
1658.76
1910.40
1501.95
1387.16
1259.96
1032.05
825.91
1841.71
1211.81
1827.32
1658.94
1738.52
1063.94
1413.85
1363.39
1817.44
1175.26
1317.51
1704.67
765.03
1807.07
1817.73
1778.85
1812.47
1680.33
1135.21
1828.23
327.04
1347.16
988.50
1461.23
820.13
1977.49
1399.43
1333.19
983.21
1870.96
975.14
246.97
960.76
1135.98
1839.09
1934.98
1890.08
1704.37
1872.28
1170.85
1629.37
993.13
1272.72
1561.95
910.29
881.88
1726.91
1249.51
746.94
1397.68
1747.69
1366.15
1739.65
1813.58
1211.89
1905.46
1785.17
1546.92
1769.85
1428.87
1237.45
715.29
1102.88
550.05
1733.12
1713.48
1723.70
1591.91
1239.78
1291.22
1288.82
719.59
1744.53
1627.93
1609.95
1927.29
1671.46
1239.01
1889.83
905.55
1170.15
858.10
1726.91
1456.61
1084.16
1184.72
1826.13
1725.29
1603.32
1320.11
748.13
1797.82
893.07
1403.00
1608.92
1254.32
1534.88
1305.44
1449.13
981.81
1022.78
1939.15
1635.00
816.33
1864.72
1388.67
1668.73
617.77
1823.16
1356.25
511.94
1146.75
1574.21
286.57
1350.06
1229.57
1331.92
1682.75
1482.56
1095.69
1731.57
1991.56
616.76
1675.60
718.25
1641.67
1554.58
1187.88
1955.07
1578.19
1757.71
1557.42
1314.66
1952.96
1211.27
1754.84
1464.15
1420.85
1366.76
1840.13
387.06
932.69
968.85
919.50
1759.04
731.54
1137.02
1943.50
1532.90
1260.31
371.04
1421.25
1045.46
960.04
1166.40
802.21
1698.24
1622.67
1924.75
1369.69
1807.80
928.90
1623.60
1787.74
1740.22
1659.97
1945.68
1244.15
1513.70
1420.42
1116.64
1947.26
1825.82
1608.20
955.73
1760.41
847.01
1432.35
906.31
1753.12
1408.20
1265.33
1590.45
1498.44
1974.31
1769.60
265.55
1614.61
1762.78
1289.63
1086.21
1418.13
1520.81
1352.20
907.58
1929.44
1644.80
1606.10
1884.16
1872.04
1632.25
1332.87
1452.77
1639.84
1392.63
299.23
1762.93
1816.75
1344.39
1293.99
1829.83
654.14
509.64
636.37
1842.85
1273.49
